orchestra:            0.9
rai:                  0.7914893617021277
concerto:             0.7723404255319148
diretto:              0.7531914893617021
sinfonico:            0.7468085106382979
nazionale:            0.7340425531914894
musica:               0.6957446808510638
sinfonia:             0.6893617021276596
grande:               0.6829787234042554
teatro:               0.6702127659574468
maestro:              0.6574468085106383
coro:                 0.651063829787234
n:                    0.651063829787234
re:                   0.651063829787234
opera:                0.651063829787234
bolzano:              0.6446808510638298
direttore:            0.6446808510638298
bach:                 0.6446808510638298
auditorium:           0.6446808510638298
torino:               0.6446808510638298
haydn:                0.6382978723404256
flauto:               0.6382978723404256
op:                   0.6382978723404256
due:                  0.6382978723404256
minore:               0.6382978723404256
voce:                 0.6382978723404256
puntata:              0.6319148936170212
@card@:               0.625531914893617
pianoforte:           0.625531914893617
beethoven:            0.625531914893617
sonata:               0.625531914893617
primo:                0.625531914893617
programma:            0.625531914893617
toscanini:            0.625531914893617
concorso:             0.6191489361702127
podio:                0.6191489361702127
arvo:                 0.6191489361702127
volmer:               0.6191489361702127
ludwig:               0.6191489361702127
van:                  0.6191489361702127
verde:                0.6191489361702127
strauss:              0.6191489361702127
amore:                0.6191489361702127
tre:                  0.6127659574468085
padre:                0.6127659574468085
giovane:              0.6127659574468085
do:                   0.6127659574468085
musicale:             0.6127659574468085
rossini:              0.6127659574468085
solista:              0.6127659574468085
comunale:             0.6063829787234042
finalista:            0.6063829787234042
pianistico:           0.6063829787234042
internazionale:       0.6063829787234042
feruccio:             0.6063829787234042
busoni:               0.6063829787234042
principale:           0.6063829787234042
fenice:               0.6063829787234042
anno:                 0.6063829787234042
scala:                0.6063829787234042
italiano:             0.6063829787234042
ouverture:            0.6063829787234042
santa:                0.6063829787234042
mario:                0.6063829787234042
capodanno:            0.6063829787234042
vienna:               0.6063829787234042
the:                  0.6063829787234042
soprano:              0.6063829787234042
arturo:               0.6063829787234042
fra:                  0.6063829787234042
passione:             0.6063829787234042
sole:                 0.6063829787234042
terza|terzo:          0.6
bemolle:              0.6
n.5:                  0.6
op.73:                0.6
venezia:              0.6
repertorio:           0.6
a:                    0.6
centro:               0.6
tastiera:             0.6
brano:                0.6
trascrizione:         0.6
duo:                  0.6
bwv:                  0.6
eliahu:               0.6
johann:               0.6
compositore:          0.6
jeffrey:              0.6
tata:                 0.6
intermezzo:           0.6
traviata:             0.6
forza:                0.6
destino:              0.6
james:                0.6
tradizionale:         0.6
fabio:                0.6
bianca:               0.6
accademia:            0.6
violino:              0.6
artista:              0.6
mag:                  0.6
stravinskij:          0.6
capolavoro:           0.6
sentimento:           0.6
sfondo:               0.6
morte:                0.6
vivo:                 0.6
misto:                0.6
