anno:                 0.9
trapianto:            0.7894736842105263
malattia:             0.7578947368421053
ospedale:             0.7263157894736842
klizia:               0.7263157894736842
leucemia:             0.6947368421052632
cura:                 0.6947368421052632
giulia:               0.6947368421052632
roberto:              0.6789473684210526
casa:                 0.6789473684210526
midollo:              0.6789473684210526
madre:                0.6631578947368421
ginevra:              0.6631578947368421
condizione:           0.6631578947368421
caterina:             0.6631578947368421
bambino:              0.6473684210526316
gesù:                 0.6473684210526316
terapia:              0.6473684210526316
vita:                 0.6473684210526316
giorno:               0.6473684210526316
salute:               0.6473684210526316
ritorno:              0.6473684210526316
paura:                0.6473684210526316
grande:               0.6473684210526316
intervento:           0.631578947368421
settimana:            0.631578947368421
due:                  0.631578947368421
causa:                0.631578947368421
esame:                0.631578947368421
mamma:                0.631578947368421
medico:               0.631578947368421
affetto:              0.631578947368421
passione:             0.631578947368421
linfoblastica:        0.6157894736842106
genitore:             0.6157894736842106
controllo:            0.6157894736842106
momento:              0.6157894736842106
puntata:              0.6157894736842106
grazia:               0.6157894736842106
importante:           0.6157894736842106
tutto:                0.6157894736842106
ultimo:               0.6157894736842106
scuola:               0.6157894736842106
alessia:              0.6157894736842106
flavio:               0.6157894736842106
vivo:                 0.6
trieste:              0.6
silvia:               0.6
acuto:                0.6
primo:                0.6
famiglia:             0.6
durante:              0.6
periodo:              0.6
mese:                 0.6
qualche:              0.6
possibile:            0.6
alcun|alcuni:         0.6
vita|vite:            0.6
tempo:                0.6
molto:                0.6
tanto:                0.6
attesa:               0.6
messina:              0.6
normalità:            0.6
visita:               0.6
compagno:             0.6
danza:                0.6
percorso:             0.6
finale:               0.6
