andromeda:            0.9
fleming:              0.9
progetto:             0.7615384615384615
usher:                0.7384615384615385
dottore:              0.7153846153846154
supercalcolatore:     0.7153846153846154
villa:                0.6923076923076923
militare:             0.6692307692307692
dottoressa:           0.6692307692307692
danway:               0.6692307692307692
barone:               0.6461538461538462
baronessa:            0.6461538461538462
carino:               0.6461538461538462
don:                  0.6461538461538462
istruzione:           0.6230769230769231
proveniente:          0.6230769230769231
sotto:                0.6230769230769231
costruzione:          0.6230769230769231
informazione:         0.6230769230769231
convincere:           0.6230769230769231
dennis:               0.6230769230769231
bridger:              0.6230769230769231
john:                 0.6230769230769231
trovare:              0.6230769230769231
giovane:              0.6230769230769231
messaggio:            0.6230769230769231
decifrare:            0.6230769230769231
morta:                0.6
secondo:              0.6
capo:                 0.6
moglie:               0.6
interno:              0.6
mariano:              0.6
casa:                 0.6
