enea:                 0.9
ulisse:               0.7941176470588235
isola:                0.7235294117647059
re:                   0.7058823529411764
didone:               0.6882352941176471
troiani:              0.6705882352941176
regina:               0.6529411764705882
latino:               0.6529411764705882
città:                0.6352941176470588
figlio:               0.6352941176470588
figlia:               0.6352941176470588
terra:                0.6352941176470588
madre:                0.6352941176470588
ultimo:               0.6352941176470588
turno:                0.6352941176470588
penelope:             0.6352941176470588
padre:                0.6176470588235294
racconto:             0.6176470588235294
ricerca:              0.6176470588235294
viaggio:              0.6176470588235294
proci:                0.6176470588235294
marito:               0.6176470588235294
telemaco:             0.6176470588235294
incontro:             0.6176470588235294
troia:                0.6
dea:                  0.6
venere:               0.6
notte:                0.6
narrazione:           0.6
parte:                0.6
cavallo:              0.6
legno:                0.6
tutto:                0.6
vicissitudine:        0.6
idea:                 0.6
compagno:             0.6
nave:                 0.6
giunone:              0.6
fra:                  0.6
terribile:            0.6
profezia:             0.6
lavinia:              0.6
consiglio:            0.6
sangue:               0.6
sposa|sposo:          0.6
sogno:                0.6
patria:               0.6
reggia:               0.6
alcinoo:              0.6
anno:                 0.6
peripezia:            0.6
arrivo:               0.6
ritorno:              0.6
corte:                0.6
arco:                 0.6
