musica:               0.9
orchestra:            0.8387755102040816
concerto:             0.7408163265306122
band:                 0.7163265306122448
gruppo:               0.7040816326530612
auditorium:           0.6612244897959183