paradiso:             0.7771929824561403
amore:                0.7368421052631579
matrimonio:           0.7175438596491228
relazione:            0.6736842105263158
avvocato:             0.6456140350877193
nozze:                0.6385964912280702