bambino:              0.9000000000000001
contadino:            0.9000000000000001
terra:                0.9000000000000001
primo:                0.9000000000000001
follia:               0.9000000000000001
nazista:              0.9000000000000001
yiddish:              0.9000000000000001
parlare:              0.9000000000000001
vita:                 0.9000000000000001
tornare:              0.9000000000000001
romanzo:              0.9000000000000001
appelfeld:            0.9000000000000001
aharon:               0.9000000000000001
grande:               0.9000000000000001
scrittore:            0.9000000000000001
israeliano:           0.9000000000000001
sopravvissuto:        0.9000000000000001
olocausto..i:         0.6
olocausto:            0.6
