formazione:           0.9
teatro:               0.8470588235294118
carriera:             0.7941176470588236
artistico:            0.7941176470588236
scuola:               0.7588235294117647
attore:               0.7588235294117647
accademia:            0.7235294117647059
arte:                 0.7235294117647059
drammatico:           0.7235294117647059
allievo:              0.6882352941176471
incontrare:           0.6882352941176471
domanda:              0.6882352941176471
ragazzo:              0.6882352941176471
dialogo:              0.6882352941176471
tappa:                0.6882352941176471
ripercorrere:         0.6882352941176471
saliente:             0.6882352941176471
cinema:               0.6882352941176471
diverso:              0.6882352941176471
età:                  0.6882352941176471
scelta:               0.6882352941176471
legato:               0.6882352941176471
comune:               0.6882352941176471
esperienza:           0.6882352941176471
frequentare:          0.6882352941176471
italiano:             0.6882352941176471
istituto:             0.6882352941176471
riconoscere:          0.6882352941176471
alto:                 0.6882352941176471
musicale:             0.6882352941176471
coreutica:            0.6882352941176471
teatrale:             0.6882352941176471
formare:              0.6705882352941176
televisione..attori:  0.6705882352941176
nazionale:            0.6529411764705882
attrice:              0.6352941176470588
silvio:               0.6176470588235294
amico:                0.6176470588235294
recitazione:          0.6176470588235294
melato:               0.6176470588235294
mariangela:           0.6176470588235294
genova:               0.6176470588235294
accorso:              0.6
stefano:              0.6
bologna:              0.6
alessandra:           0.6
galante:              0.6
garrone:              0.6
diplomato:            0.6
condirettore:         0.6
vittorio:             0.6
franceschi:           0.6
teatro..attori:       0.6
giuliano:             0.6
lojodice:             0.6
carla:                0.6
signoris:             0.6
francesco:            0.6
montanaro:            0.6
valeria:              0.6
solarino:             0.6
stabile:              0.6
torino:               0.6
bizzarro:             0.6
lucere:               0.6
