cinque:               0.9
cinema:               0.9
mondo:                0.7285714285714285
modo:                 0.7285714285714285
raccontare:           0.7285714285714285
benigno:              0.6428571428571428
bernardo:             0.6428571428571428
bertolucci:           0.6428571428571428
salvatores:           0.6428571428571428
gabriele:             0.6428571428571428
paolo:                0.6428571428571428
tornatore:            0.6428571428571428
giuseppe:             0.6428571428571428
differente:           0.6428571428571428
visione:              0.6428571428571428
premio:               0.6428571428571428
oscar:                0.6428571428571428
nutrire:              0.6428571428571428
italiano:             0.6428571428571428
giovinezza:           0.6428571428571428
vedere:               0.6428571428571428
qualche:              0.6428571428571428
influenzare:          0.6428571428571428
roberto:              0.6
immaginario..roberto: 0.6
immaginario:          0.6
