maggio:               0.9000000000000001
peppino:              0.9000000000000001
mafia:                0.9000000000000001
uccidere:             0.9000000000000001
madre:                0.9000000000000001
rassegna:             0.9000000000000001
felicia:              0.9000000000000001
mondo:                0.9000000000000001
gridare:              0.9000000000000001
nome:                 0.9000000000000001
colpevole:            0.9000000000000001
anno:                 0.9000000000000001
magistrato:           0.9000000000000001
trovare:              0.9000000000000001
disposto:             0.9000000000000001
rocco:                0.9000000000000001
aiutare:              0.9000000000000001
chinnici..il:         0.6
chinnici:             0.6
