teatro:               0.9
collaboratore:        0.7285714285714286
guerriero:            0.6428571428571428
co-sceneggiatore:     0.6428571428571428
essere|stare:         0.6428571428571428
ladro:                0.6428571428571428
bicicletta:           0.6428571428571428
sciuscià:             0.6428571428571428
de:                   0.6428571428571428
sica:                 0.6428571428571428
principale:           0.6428571428571428
luchino:              0.6428571428571428
visconte:             0.6428571428571428
antonioni:            0.6428571428571428
michelangelo:         0.6428571428571428
vittorio:             0.6428571428571428
gassman:              0.6428571428571428
strehler:             0.6428571428571428
direttore:            0.6428571428571428
paolo:                0.6428571428571428
grasso:               0.6428571428571428
collana:              0.6428571428571428
einaudi:              0.6428571428571428
fondatore:            0.6428571428571428
club:                 0.6428571428571428
cambiare:             0.6428571428571428
italiano:             0.6428571428571428
nessuno:              0.6428571428571428
documentario:         0.6428571428571428
conoscere:            0.6428571428571428
poliedrico:           0.6428571428571428
ricostruire:          0.6428571428571428
generoso:             0.6428571428571428
figura:               0.6428571428571428
grande:               0.6428571428571428
intellettuale:        0.6428571428571428
scomparso:            0.6428571428571428
gerardo:              0.6
.gerardo:             0.6
