tre:                  0.9
visione:              0.7285714285714285
architettura:         0.7285714285714285
architetto:           0.6428571428571428
concezione:           0.6428571428571428
raccontare:           0.6428571428571428
documentario:         0.6428571428571428
dizionario:           0.6428571428571428
parola:               0.6428571428571428
nuovo:                0.6428571428571428
interpretare:         0.6428571428571428
contemporaneo:        0.6428571428571428
frank:                0.6
lloyd:                0.6
wright:               0.6
ludwig:               0.6
mies:                 0.6
van:                  0.6
rohe:                 0.6
der:                  0.6
ponte:                0.6
gio:                  0.6
