antonio:              0.9
diventare:            0.7
fine:                 0.7
giovane:              0.7
magnano:              0.6666666666666666
fama:                 0.6666666666666666
sciupafemmine:        0.6666666666666666
anno:                 0.6666666666666666
impotente:            0.6666666666666666
trovare:              0.6666666666666666
celebre:              0.6333333333333333
romanzo:              0.6333333333333333
vitaliano:            0.6333333333333333
scrivere:             0.6333333333333333
fiction:              0.6333333333333333
brancati:             0.6333333333333333
bigotto:              0.6333333333333333
italia:               0.6333333333333333
storia:               0.6333333333333333
raccontare:           0.6333333333333333
sensibile:            0.6333333333333333
raro:                 0.6333333333333333
bellezza:             0.6333333333333333
noto:                 0.6333333333333333
catania:              0.6333333333333333
giorno:               0.6333333333333333
essere:               0.6333333333333333
disfunzione:          0.6333333333333333
vita:                 0.6333333333333333
sconvolgere:          0.6333333333333333
fino:                 0.6333333333333333
situazione:           0.6333333333333333
precipitare:          0.6333333333333333
notizia:              0.6333333333333333
orecchio:             0.6333333333333333
giungere:             0.6333333333333333
padre:                0.6333333333333333
dominio:              0.6333333333333333
pubblico:             0.6333333333333333
bel:                  0.6333333333333333
sprofondare:          0.6333333333333333
disperazione:         0.6333333333333333
amore:                0.6333333333333333
modo:                 0.6333333333333333
ragazzo:              0.6
bello:                0.6
rafforzare:           0.6
trascorso:            0.6
occasione:            0.6
perdere:              0.6
julia:                0.6
amare:                0.6
contraccolpo:         0.6
inghilterra:          0.6
psicologico:          0.6
forte:                0.6
.tratta:              0.6
idillio:              0.6
due:                  0.6
sposino:              0.6
duro:                 0.6
barbara:              0.6
affettuoso:           0.6
comprensivo:          0.6
impotenza:            0.6
problema:             0.6
gravoso:              0.6
fronte:               0.6
professionale:        0.6
qualità:              0.6
volere:               0.6
sostituto:            0.6
procuratore:          0.6
fatto:                0.6
mano:                 0.6
legate..tratta:       0.6
