casanova:             0.9
olivo:                0.7666666666666667
uccidere:             0.7
giacomo:              0.6666666666666666
venezia:              0.6666666666666666
vecchio:              0.6666666666666666
sommo:                0.6666666666666666
marcolina:            0.6666666666666666
serenissima:          0.6666666666666666
notte:                0.6666666666666666
lettera:              0.6333333333333333
denaro:               0.6333333333333333
onda:                 0.6333333333333333
puntata:              0.6333333333333333
sceneggiato:          0.6333333333333333
ritorno:              0.6333333333333333
pasquale:             0.6333333333333333
festa:                0.6333333333333333
campanile:            0.6333333333333333
primo:                0.6333333333333333
trasmettere:          0.6333333333333333
volta:                0.6333333333333333
film:                 0.6333333333333333
cinquantenne:         0.6333333333333333
spia:                 0.6333333333333333
diventare:            0.6333333333333333
conto:                0.6333333333333333
governo:              0.6333333333333333
tornare:              0.6333333333333333
durante:              0.6333333333333333
viaggio:              0.6333333333333333
bello:                0.6333333333333333
conoscere:            0.6333333333333333
stratagemma:          0.6333333333333333
invaghire:            0.6333333333333333
fidanzato:            0.6333333333333333
ottenere:             0.6333333333333333
consenso:             0.6333333333333333
trascorrere:          0.6333333333333333
mattina:              0.6333333333333333
preda:                0.6333333333333333
gelosia:              0.6333333333333333
sfida:                0.6333333333333333
duello:               0.6333333333333333
vincitore:            0.6333333333333333
seduttore:            0.6333333333333333
conte|conto:          0.6333333333333333
fare:                 0.6333333333333333
morale:               0.6333333333333333
dolore:               0.6333333333333333
uomo:                 0.6333333333333333
certezza:             0.6333333333333333
perduto:              0.6333333333333333
avere:                0.6333333333333333
giovinezza:           0.6333333333333333
sceneggiatura:        0.6333333333333333
piero:                0.6333333333333333
chiara:               0.6333333333333333
attendere:            0.6
richiamo:             0.6
lungo:                0.6
esilio:               0.6
frattempo:            0.6
mantova:              0.6
reincontra:           0.6
fiamma:               0.6
tempo:                0.6
amalia:               0.6
ingente:              0.6
regalare:             0.6
dote:                 0.6
nozze:                0.6
marito:               0.6
attività:             0.6
avviare:              0.6
anziano:              0.6
avventuriero:         0.6
colpire:              0.6
nipote:               0.6
fra:                  0.6
portare:              0.6
braccia..andato:      0.6
attesa:               0.6
ricevere:             0.6
senato:               0.6
rientrare:            0.6
repubblica:           0.6
trama:                0.6
denunciare:           0.6
realtà:               0.6
essere|stare:         0.6
storico:              0.6
stesso:               0.6
incarico:             0.6
chiedere:             0.6
bisognoso:            0.6
lorenzi:              0.6
sconfitta:            0.6
gioco:                0.6
prestare:             0.6
bisogno:              0.6
patto:                0.6
sostituire:           0.6
stanza:               0.6
marcolina..andato:    0.6
