docufiction:          0.9000000000000001
straordinario:        0.9000000000000001
raccontare:           0.9000000000000001
vitalità:             0.9000000000000001
artistico:            0.9000000000000001
città:                0.9000000000000001
napoli:               0.9000000000000001
particolare:          0.9000000000000001
riferimento:          0.9000000000000001
esperienza:           0.9000000000000001
narrativa:            0.9000000000000001
drammaturgico:        0.9000000000000001
regista:              0.9000000000000001
autore:               0.9000000000000001
teatrale:             0.9000000000000001
cinematografico:      0.9000000000000001
ruggero:              0.9000000000000001
cappuccio..la:        0.6
cappuccio:            0.6
