donna:                0.9
vita:                 0.8400000000000001
essere:               0.78
malattia:             0.78
traguardo:            0.78
cinque:               0.72
viaggio:              0.6599999999999999
storia:               0.6599999999999999
diverso:              0.6599999999999999
caleidoscopico:       0.6599999999999999
modo:                 0.6599999999999999
superare:             0.6599999999999999
tumore:               0.6599999999999999
seno:                 0.6599999999999999
progetto:             0.6599999999999999
stravolgere:          0.6599999999999999
processo:             0.6599999999999999
iniziare:             0.6599999999999999
lotta:                0.6599999999999999
trasformazione:       0.6599999999999999
nuovo:                0.6599999999999999
trovare:              0.6599999999999999
forza:                0.6599999999999999
corsa:                0.6599999999999999
sino:                 0.6599999999999999
correre:              0.6599999999999999
raggiungere:          0.6599999999999999
finale:               0.6599999999999999
maratona:             0.6599999999999999
grande:               0.6599999999999999
difficile:            0.6599999999999999
possa:                0.6599999999999999
vita..cinque:         0.6
