pinocchio:            0.9
comencini:            0.8666666666666667
sceneggiato:          0.7666666666666666
puntata:              0.7666666666666666
avventura:            0.7666666666666666
franco:               0.7666666666666666
burattino:            0.7333333333333334
andare:               0.7
geppetto:             0.6666666666666666
.lo:                  0.6666666666666666
regia:                0.6666666666666666
luigi:                0.6666666666666666
onda:                 0.6666666666666666
rai1:                 0.6666666666666666
aprile:               0.6666666666666666
seguito:              0.6666666666666666
realizzare:           0.6666666666666666
tratto:               0.6666666666666666
romanzo:              0.6666666666666666
carlo:                0.6666666666666666
collodio:             0.6666666666666666
storia:               0.6666666666666666
scrivere:             0.6666666666666666
suso:                 0.6666666666666666
cecchi:               0.6666666666666666
amico:                0.6666666666666666
cast:                 0.6666666666666666
eccezione:            0.6666666666666666
amato:                0.6666666666666666
pubblico:             0.6666666666666666
italiano:             0.6666666666666666
altro:                0.6666666666666666
manfredi:             0.6666666666666666
nino:                 0.6666666666666666
gina:                 0.6666666666666666
lollobrigida:         0.6666666666666666
vittorio:             0.6666666666666666
de:                   0.6666666666666666
sica:                 0.6666666666666666
ciccio:               0.6666666666666666
ingrassia:            0.6666666666666666
andrea:               0.6666666666666666
primo:                0.6333333333333333
ritrovare:            0.6333333333333333
paese:                0.6333333333333333
balocco:              0.6333333333333333
ciocco:               0.6
legno:                0.6
vicino:               0.6
mastro:               0.6
ciliegia:             0.6
falegname:            0.6
costruire:            0.6
nome:                 0.6
allucinazione:        0.6
avere:                0.6
mattina:              0.6
scoprire:             0.6
bambino:              0.6
diventare:            0.6
vero:                 0.6
vivace:               0.6
giungere:             0.6
ribelle:              0.6
mare:                 0.6
arrivare:             0.6
imbarcatosi:          0.6
ricerca:              0.6
eroe:                 0.6
salvare:              0.6
riva:                 0.6
pressi:               0.6
città:                0.6
fata:                 0.6
incontrare:           0.6
bravo:                0.6
fare:                 0.6
scuola:               0.6
lucignolo:            0.6
parlare:              0.6
notte:                0.6
ciuchino:             0.6
trasformare:          0.6
direttore:            0.6
vendere:              0.6
circo:                0.6
uomo:                 0.6
pelle:                0.6
utilizzare:           0.6
ritornare:            0.6
verso:                0.6
nuotare:              0.6
largo:                0.6
pescecane:            0.6
mangiare:             0.6
pancia:               0.6
