pianta:               0.9
abilità:              0.7714285714285715
vita:                 0.7714285714285715
incredibile:          0.7071428571428571
viaggio:              0.7071428571428571
capacità:             0.7071428571428571
ruolo:                0.7071428571428571
affermare:            0.7071428571428571
complesso:            0.7071428571428571
sistema:              0.7071428571428571
nutrimento:           0.6642857142857143
terra..è:             0.6428571428571428
consuetudine:         0.6428571428571428
pensare:              0.6428571428571428
creatura:             0.6428571428571428
vivente:              0.6428571428571428
privo:                0.6428571428571428
sensoriale:           0.6428571428571428
organizzare:          0.6428571428571428
spazio:               0.6428571428571428
spostare:             0.6428571428571428
sfruttare:            0.6428571428571428
altro:                0.6428571428571428
alcun|alcuni:         0.6428571428571428
animale:              0.6428571428571428
cibo:                 0.6428571428571428
procurare:            0.6428571428571428
acqua:                0.6428571428571428
luce:                 0.6428571428571428
anima:                0.6428571428571428
gemella:              0.6428571428571428
serie:                0.6428571428571428
riprodurre:           0.6428571428571428
tre:                  0.6428571428571428
episodio:             0.6428571428571428
monografico:          0.6428571428571428
dedicare:             0.6428571428571428
riproduzione:         0.6428571428571428
diffusione:           0.6428571428571428
compiere:             0.6428571428571428
fra:                  0.6428571428571428
terra:                0.6428571428571428
trovare:              0.6
