quattro:              0.9
raccontare:           0.7909090909090909
vicenda:              0.7636363636363637
marco:                0.7090909090909091
biagi:                0.7090909090909091
giudice:              0.7090909090909091
vittorio:             0.7090909090909091
occorsio:             0.7090909090909091
presidente:           0.7090909090909091
regione:              0.7090909090909091
piersanti:            0.7090909090909091
mattarella:           0.7090909090909091
capitano:             0.7090909090909091
natale:               0.7090909090909091
de:                   0.7090909090909091
grazia:               0.7090909090909091
storia:               0.7090909090909091
diretto:              0.6818181818181818
docu-film:            0.6818181818181818
moderno:              0.6818181818181818
eroe:                 0.6818181818181818
nazionale:            0.6818181818181818
sicilia:              0.6818181818181818
professore:           0.6818181818181818
uomo:                 0.6818181818181818
essere|stare:         0.6818181818181818
vita:                 0.6818181818181818
sacrificio:           0.6818181818181818
difesa:               0.6818181818181818
democrazia:           0.6818181818181818
legalità:             0.6818181818181818
ideale:               0.6818181818181818
integrità:            0.6818181818181818
assassinare:          0.6272727272727272
gianfranco:           0.6272727272727272
massimo:              0.6
poggio:               0.6
giuslavorista:        0.6
nuovo:                0.6
brigata:              0.6
rossa:                0.6
giagni..quattro:      0.6
richelmy:             0.6
lorenzo:              0.6
fregata:              0.6
morto:                0.6
circostanza:          0.6
misterioso:           0.6
wilma:                0.6
labate..quattro:      0.6
gianmarco:            0.6
vittima:              0.6
terrorismo:           0.6
estremo:              0.6
destra:               0.6
anno:                 0.6
piombo:               0.6
pannone..quattro:     0.6
dario:                0.6
aita:                 0.6
siciliana:            0.6
cosa:                 0.6
maurizio:             0.6
sciarra..quattro:     0.6
