autore:               0.9
selezione:            0.7333333333333334
racconto:             0.7333333333333334
novella:              0.7333333333333334
anno:                 0.7333333333333334
luigi:                0.7333333333333334
pirandello:           0.7333333333333334
schermo:              0.7333333333333334
trasportare:          0.7333333333333334
lingua:               0.7333333333333334
mantenere:            0.7333333333333334
originale:            0.7333333333333334
utilizzare:           0.7333333333333334
dialogo:              0.7333333333333334
testo:                0.7333333333333334
campo:                0.7333333333333334
ciò:                  0.7333333333333334
alcun:                0.7333333333333334
scrivere:             0.7333333333333334
tipo:                 0.7333333333333334
variazione:           0.7333333333333334
stilistica:           0.7333333333333334
sera:                 0.6666666666666666
casa:                 0.6666666666666666
vivo:                 0.6333333333333333
famiglia:             0.6333333333333333
ogni:                 0.6333333333333333
ciaula:               0.6333333333333333
scarda:               0.6333333333333333
zi:                   0.6333333333333333
sicilia:              0.6333333333333333
donna:                0.6333333333333333
fare:                 0.6333333333333333
ricevere:             0.6333333333333333
figlio:               0.6333333333333333
bello:                0.6333333333333333
tullio:               0.6
solitudine:           0.6
isolamento:           0.6
ricordo:              0.6
padre:                0.6
violento:             0.6
vita:                 0.6
apprezzare:           0.6
finestra:             0.6
camera:               0.6
dirimpettaio:         0.6
spiare:               0.6
cena:                 0.6
armonia:              0.6
cuore:                0.6
serenità:             0.6
po:                   0.6
.una:                 0.6
caruso:               0.6
miniera:              0.6
lavorare:             0.6
zolfo:                0.6
cacciagallina:        0.6
compito:              0.6
lavoro:               0.6
controllare:          0.6
minatore:             0.6
volere:               0.6
finire:               0.6
restare:              0.6
carico:               0.6
giorno:               0.6
unico:                0.6
stanco:               0.6
ubbidisce..una:       0.6
moderno:              0.6
ersilia:              0.6
borghese:             0.6
malata:               0.6
viziato:              0.6
capriccioso:          0.6
ricerca:              0.6
autonomia:            0.6
uomo:                 0.6
disposta:             0.6
schiava:              0.6
lasciare:             0.6
balia:                0.6
sua..una:             0.6
maragrazia:           0.6
vedova:               0.6
notizia:              0.6
emigrato:             0.6
america:              0.6
ricchezza:            0.6
dimenticare:          0.6
madre:                0.6
raggiungere:          0.6
altro:                0.6
affezionato:          0.6
buono:                0.6
suo..una:             0.6
affrontare:           0.6
evento:               0.6
massima:              0.6
indifferenza:         0.6
grosso:               0.6
eredità:              0.6
zia:                  0.6
appartamento:         0.6
ritirare:             0.6
moglie:               0.6
stanca:               0.6
vicino:               0.6
avere:                0.6
spingere:             0.6
destino:              0.6
riserva:              0.6
sorprese..una:        0.6
