picasso:              0.9
uomo:                 0.8571428571428572
storia:               0.8142857142857143
testimonianza:        0.7285714285714285
intimo:               0.7285714285714285
genio:                0.7285714285714285
pablo:                0.7285714285714285
esclusiva:            0.6857142857142857
inedito:              0.6857142857142857
entourage:            0.6857142857142857
familiare:            0.6857142857142857
artistico:            0.6857142857142857
aspetto:              0.6857142857142857
scoprire:             0.6857142857142857
tumultuoso:           0.6857142857142857
prolifico:            0.6857142857142857
vita:                 0.6857142857142857
eredità:              0.6857142857142857
lasciare:             0.6857142857142857
grande:               0.6857142857142857
artista:              0.6857142857142857
grazia:               0.6428571428571428
umanità:              0.6428571428571428
membro:               0.6
famiglia:             0.6
figlio:               0.6
maya:                 0.6
claude:               0.6
paloma:               0.6
ex:                   0.6
amante:               0.6
franoise:             0.6
gilot:                0.6
nipote:               0.6
bernard:              0.6
olivier:              0.6
figliastra:           0.6
catherine:            0.6
hutin:                0.6
ritratto:             0.6
restituire:           0.6
.grazie:              0.6
umanità..grazie:      0.6
