successo:             0.9000000000000001
mondiale:             0.9000000000000001
dio:                  0.9000000000000001
donna:                0.9000000000000001
creare:               0.9000000000000001
vadim:                0.9000000000000001
roger:                0.9000000000000001
interessante:         0.9000000000000001
diventare:            0.9000000000000001
personalità:          0.9000000000000001
tempo:                0.9000000000000001
seta|sete:            0.9000000000000001
incarnare:            0.9000000000000001
edonismo:             0.9000000000000001
generazione:          0.9000000000000001
vissuto:              0.9000000000000001
orrore:               0.9000000000000001
guerra..con:          0.6
guerra:               0.6
