donna:                0.9
protagonista:         0.7928571428571429
genova:               0.7071428571428572
sentimento:           0.7071428571428572
femminista:           0.6857142857142857
litteram:             0.6857142857142857
eroina:               0.6857142857142857
cuore:                0.6857142857142857
coraggioso:           0.6857142857142857
mente:                0.6857142857142857
libero:               0.6857142857142857
muovere:              0.6857142857142857
cavallo:              0.6857142857142857
ritratto:             0.6857142857142857
regalare:             0.6857142857142857
giovane:              0.6857142857142857
epoca:                0.6857142857142857
città:                0.6857142857142857
mare:                 0.6857142857142857
crocevia:             0.6857142857142857
incontro:             0.6857142857142857
società:              0.6857142857142857
chiuso:               0.6857142857142857
aggressivo:           0.6857142857142857
verso:                0.6857142857142857
sesso:                0.6857142857142857
femminile:            0.6857142857142857
romanzo:              0.6857142857142857
ottocentesco:         0.6857142857142857
raccontare:           0.6857142857142857
avventura:            0.6857142857142857
amore:                0.6857142857142857
passione:             0.6857142857142857
dramma:               0.6857142857142857
tradimento:           0.6857142857142857
serie:                0.6857142857142857
figura:               0.6857142857142857
emergere:             0.6857142857142857
esemplare:            0.6857142857142857
rivoluzionario:       0.6857142857142857
ogni:                 0.6857142857142857
altro:                0.6857142857142857
riscatto:             0.6857142857142857
incarnare:            0.6857142857142857
emancipazione:        0.6857142857142857
italiano:             0.6857142857142857
alba:                 0.6857142857142857
secolo:               0.6857142857142857
scorso:               0.6857142857142857
riccardo:             0.6642857142857143
giuliano:             0.6428571428571428
rossella:             0.6214285714285714
andare:               0.6214285714285714
morte:                0.6214285714285714
innamorato:           0.6214285714285714
lorenzo:              0.6214285714285714
amato:                0.6214285714285714
bambino:              0.6214285714285714
vivo:                 0.6
palazzo:              0.6
famiglia:             0.6
lavoro:               0.6
assistente:           0.6
medico:               0.6
ospedale:             0.6
ombra:                0.6
vita..rossella:       0.6
scampato:             0.6
pelo:                 0.6
america:              0.6
partire:              0.6
confesso:             0.6
momento:              0.6
debolezza:            0.6
seguirlo..rossella:   0.6
innocenza:            0.6
dimostrare:           0.6
procuratore:          0.6
scomparso:            0.6
carica:               0.6
dimettere:            0.6
cognato:              0.6
infarto:              0.6
morire:               0.6
bordello:             0.6
insidia:              0.6
paolina..rossella:    0.6
distruggere:          0.6
primo:                0.6
ritrovare:            0.6
cosa:                 0.6
seta|sete:            0.6
fare:                 0.6
vendetta:             0.6
forza:                0.6
denunciare:           0.6
stupro..rossella:     0.6
danno:                0.6
salvare:              0.6
epidemia:             0.6
parte:                0.6
crescere:             0.6
forte:                0.6
ricambiare:           0.6
cella:                0.6
isolamento..rossella: 0.6
